      Spin Density - Mulliken Population Analysis
     --------------------------------------------

    Atom       Charge   Shell Charges
 -----------   ------   -------------------------------------------------------
    1 Fe  26     3.50   0.00 -0.00  0.00  0.10  0.03 -0.00  0.01  0.17  2.68  0.52 -0.00
    2 Fe  26    -3.50  -0.00  0.00 -0.00 -0.10 -0.03  0.00 -0.01 -0.17 -2.68 -0.52  0.00
    3 Fe  26    -3.50  -0.00  0.00 -0.00 -0.10 -0.03  0.00 -0.01 -0.17 -2.68 -0.52  0.00
    4 Fe  26     3.50   0.00 -0.00  0.00  0.10  0.03 -0.00  0.01  0.17  2.68  0.52 -0.00
    5 S   16     0.08   0.00  0.00  0.01 -0.02  0.00  0.05  0.04  0.00
    6 S   16     0.08   0.00  0.00  0.01 -0.02  0.00  0.05  0.04  0.00
    7 S   16    -0.08  -0.00 -0.00 -0.01  0.02 -0.00 -0.05 -0.04 -0.00
    8 S   16    -0.08  -0.00 -0.00 -0.01  0.02 -0.00 -0.05 -0.04 -0.00
    9 S   16     0.24   0.00  0.00  0.02 -0.01  0.00  0.12  0.10  0.01
   10 C    6     0.02   0.00  0.00 -0.00  0.01  0.01  0.00
   11 H    1     0.01   0.01  0.00  0.00
   12 H    1     0.01   0.01  0.00  0.00
   13 H    1     0.01   0.01  0.00  0.00
   14 S   16    -0.24  -0.00 -0.00 -0.02  0.01 -0.00 -0.12 -0.10 -0.01
   15 C    6    -0.02  -0.00 -0.00  0.00 -0.01 -0.01 -0.00
   16 H    1    -0.01  -0.01 -0.00 -0.00
   17 H    1    -0.01  -0.01 -0.00 -0.00
   18 H    1    -0.01  -0.01 -0.00 -0.00
   19 S   16    -0.24  -0.00 -0.00 -0.02  0.01 -0.00 -0.12 -0.10 -0.01
   20 C    6    -0.02  -0.00 -0.00  0.00 -0.01 -0.01 -0.00
   21 H    1    -0.01  -0.01 -0.00 -0.00
   22 H    1    -0.01  -0.01 -0.00 -0.00
   23 H    1    -0.01  -0.01 -0.00 -0.00
   24 S   16     0.24   0.00  0.00  0.02 -0.01  0.00  0.12  0.10  0.01
   25 C    6     0.02   0.00  0.00 -0.00  0.01  0.01  0.00
   26 H    1     0.01   0.01  0.00  0.00
   27 H    1     0.01   0.01  0.00  0.00
   28 H    1     0.01   0.01  0.00  0.00

     -------------------------------------------
      Total Density - Lowdin Population Analysis
     -------------------------------------------

    Atom       Charge   Shell Charges
 -----------   ------   -------------------------------------------------------
    1 Fe  26    26.15   2.00  2.00  1.93  0.42  0.18  5.99  5.88  1.16  4.58  2.01  0.00
