@   12   -8400.00419385 -9.2D-04  0.00226  0.00068  0.03310  0.05905   6303.0
@   13   -8400.00508892 -9.0D-04  0.00240  0.00070  0.03327  0.05946   6748.2
@   14   -8400.00598214 -8.9D-04  0.00153  0.00064  0.03339  0.06443   7186.5
@   15   -8400.00688934 -9.1D-04  0.00129  0.00053  0.03377  0.06451   7648.4
@   16   -8400.00774457 -8.6D-04  0.00122  0.00050  0.03375  0.06275   8230.7
@   17   -8400.00853865 -7.9D-04  0.00111  0.00050  0.03335  0.05912   8692.0
@   18   -8400.00932425 -7.9D-04  0.00107  0.00049  0.03322  0.05798   9159.2
@   19   -8400.01009490 -7.7D-04  0.00112  0.00047  0.03290  0.06033   9728.3
@   20   -8400.01087003 -7.8D-04  0.00087  0.00040  0.03312  0.05826  10246.6
@   21   -8400.01162058 -7.5D-04  0.00094  0.00046  0.03301  0.06095  10800.5
@   22   -8400.01232485 -7.0D-04  0.00114  0.00048  0.03301  0.06250  11284.8
@   23   -8400.01308622 -7.6D-04  0.00097  0.00042  0.03292  0.06123  11774.0
@   24   -8400.01381151 -7.3D-04  0.00087  0.00035  0.03288  0.06201  12236.8
@   25   -8400.01449509 -6.8D-04  0.00068  0.00032  0.03278  0.05886  12676.8
@   26   -8400.01515850 -6.6D-04  0.00077  0.00030  0.03275  0.05607  13117.4
@   27   -8400.01580827 -6.5D-04  0.00074  0.00027  0.03275  0.05615  13518.4
@   28   -8400.01642978 -6.2D-04  0.00064  0.00027  0.03274  0.05498  13927.3
@   29   -8400.01703740 -6.1D-04  0.00072  0.00026  0.03274  0.05446  14339.8
@   30   -8400.01760878 -5.7D-04  0.00087  0.00026  0.03274  0.05512  14762.9
@   30   -8400.01760878 -5.7D-04  0.00087  0.00026  0.03274  0.05512  14762.9
