      Spin Density - Mulliken Population Analysis
     --------------------------------------------

    Atom       Charge   Shell Charges
 -----------   ------   -------------------------------------------------------
    1 Fe  26     3.60   0.00 -0.00  0.00  0.05 -0.01 -0.00  0.01  0.08  2.91  0.55  0.00
    2 Fe  26     3.60   0.00 -0.00  0.00  0.05 -0.01 -0.00  0.01  0.08  2.91  0.55  0.00
    3 Fe  26     3.60   0.00 -0.00  0.00  0.05 -0.01 -0.00  0.01  0.08  2.91  0.55  0.00
    4 Fe  26     3.60   0.00 -0.00  0.00  0.05 -0.01 -0.00  0.01  0.08  2.91  0.55  0.00
    5 S   16     0.50   0.00  0.00  0.01 -0.02  0.01  0.22  0.27  0.00
    6 S   16     0.50   0.00  0.00  0.01 -0.02  0.01  0.22  0.27  0.00
    7 S   16     0.50   0.00  0.00  0.01 -0.02  0.01  0.22  0.27  0.00
    8 S   16     0.50   0.00  0.00  0.01 -0.02  0.01  0.22  0.27  0.00
    9 S   16     0.34   0.00  0.00  0.02  0.01  0.00  0.14  0.15  0.01
   10 C    6     0.04   0.00  0.01 -0.01  0.02  0.01  0.00
   11 H    1     0.01   0.01  0.00  0.00
   12 H    1     0.01   0.01  0.00  0.00
   13 H    1     0.01   0.01  0.00  0.00
   14 S   16     0.34   0.00  0.00  0.02  0.01  0.00  0.14  0.15  0.01
   15 C    6     0.04   0.00  0.01 -0.01  0.02  0.01  0.00
   16 H    1     0.01   0.01  0.00  0.00
   17 H    1     0.01   0.01  0.00  0.00
   18 H    1     0.01   0.01  0.00  0.00
   19 S   16     0.34   0.00  0.00  0.02  0.01  0.00  0.14  0.15  0.01
   20 C    6     0.04   0.00  0.01 -0.01  0.02  0.01  0.00
   21 H    1     0.01   0.01  0.00  0.00
   22 H    1     0.01   0.01  0.00  0.00
   23 H    1     0.01   0.01  0.00  0.00
   24 S   16     0.34   0.00  0.00  0.02  0.01  0.00  0.14  0.15  0.01
   25 C    6     0.04   0.00  0.01 -0.01  0.02  0.01  0.00
   26 H    1     0.01   0.01  0.00  0.00
   27 H    1     0.01   0.01  0.00  0.00
   28 H    1     0.01   0.01  0.00  0.00

     -------------------------------------------
      Total Density - Lowdin Population Analysis
     -------------------------------------------

    Atom       Charge   Shell Charges
 -----------   ------   -------------------------------------------------------
    1 Fe  26    26.11   2.00  2.00  1.93  0.43  0.18  5.99  5.88  1.17  4.58  1.95  0.00
    2 Fe  26    26.11   2.00  2.00  1.93  0.43  0.18  5.99  5.88  1.17  4.58  1.95  0.00
    3 Fe  26    26.11   2.00  2.00  1.93  0.43  0.18  5.99  5.88  1.17  4.58  1.95  0.00
    4 Fe  26    26.11   2.00  2.00  1.93  0.43  0.18  5.99  5.88  1.17  4.58  1.95  0.00
    5 S   16    16.11   2.00  1.95  1.01  0.71  5.81  1.91  2.67  0.05
    6 S   16    16.11   2.00  1.95  1.01  0.71  5.81  1.91  2.67  0.05
    7 S   16    16.11   2.00  1.95  1.01  0.71  5.81  1.91  2.67  0.05
    8 S   16    16.11   2.00  1.95  1.01  0.71  5.81  1.91  2.67  0.05
    9 S   16    16.10   2.00  1.95  0.97  0.65  5.81  1.95  2.72  0.06
   10 C    6     6.19   1.96  0.60  0.33  1.86  1.36  0.07
   11 H    1     0.99   0.65  0.28  0.07
   12 H    1     0.99   0.65  0.28  0.07
   13 H    1     0.99   0.65  0.28  0.07
   14 S   16    16.10   2.00  1.95  0.97  0.65  5.81  1.95  2.72  0.06
   15 C    6     6.19   1.96  0.60  0.33  1.86  1.36  0.07
   16 H    1     0.99   0.65  0.28  0.07
   17 H    1     0.99   0.65  0.28  0.07
   18 H    1     0.99   0.65  0.28  0.07
   19 S   16    16.10   2.00  1.95  0.97  0.65  5.81  1.95  2.72  0.06
   20 C    6     6.19   1.96  0.60  0.33  1.86  1.36  0.07
   21 H    1     0.99   0.65  0.28  0.07
   22 H    1     0.99   0.65  0.28  0.07
   23 H    1     0.99   0.65  0.28  0.07
   24 S   16    16.10   2.00  1.95  0.97  0.65  5.81  1.95  2.72  0.06
   25 C    6     6.19   1.96  0.60  0.33  1.86  1.36  0.07
   26 H    1     0.99   0.65  0.28  0.07
   27 H    1     0.99   0.65  0.28  0.07
   28 H    1     0.99   0.65  0.28  0.07

     ------------------------------------------
      Spin Density - Lowdin Population Analysis
     ------------------------------------------

    Atom       Charge   Shell Charges
 -----------   ------   -------------------------------------------------------
    1 Fe  26     3.54   0.00  0.00  0.00  0.02  0.00  0.00  0.01  0.07  2.86  0.58  0.00
    2 Fe  26     3.54   0.00  0.00  0.00  0.02  0.00  0.00  0.01  0.07  2.86  0.58  0.00
    3 Fe  26     3.54   0.00  0.00  0.00  0.02  0.00  0.00  0.01  0.07  2.86  0.58  0.00
    4 Fe  26     3.54   0.00  0.00  0.00  0.02  0.00  0.00  0.01  0.07  2.86  0.58  0.00
    5 S   16     0.53   0.00  0.00  0.01 -0.00  0.02  0.22  0.28  0.01
    6 S   16     0.53   0.00  0.00  0.01 -0.00  0.02  0.22  0.28  0.01
