MODEL A — BS2

TARGET PATTERN: +-+-

FINAL ENERGY
         Total DFT energy =    -8399.879385718777

S2
      <S2> =      7.3325 (Exact =     0.0000)

FINAL SCF
 d=40,ls=0.0,diis     5  -8399.8789253251 -2.00D-03  4.61D-05  9.53D-04   380.7
 d=40,ls=0.0,diis     6  -8399.8792559056 -3.31D-04  3.35D-05  2.17D-04   446.0
 d=40,ls=0.0,diis     7  -8399.8793517436 -9.58D-05  1.23D-05  3.38D-05   513.1
 d=40,ls=0.0,diis     8  -8399.8793778933 -2.61D-05  6.68D-06  9.20D-06   581.4
 d=40,ls=0.0,diis     9  -8399.8793857188 -7.83D-06  3.48D-06  7.02D-06   642.9

FINAL SPIN DENSITY
      Spin Density - Mulliken Population Analysis
     --------------------------------------------

    Atom       Charge   Shell Charges
 -----------   ------   -------------------------------------------------------
    1 Fe  26     3.28   0.00 -0.00  0.00  0.06 -0.01 -0.00  0.01  0.09  2.63  0.51 -0.00
    2 Fe  26    -3.28  -0.00  0.00 -0.00 -0.06  0.01  0.00 -0.01 -0.09 -2.62 -0.50  0.00
    3 Fe  26     3.28   0.00 -0.00  0.00  0.06 -0.01 -0.00  0.01  0.09  2.62  0.50 -0.00
    4 Fe  26    -3.28  -0.00  0.00 -0.00 -0.06  0.01  0.00 -0.01 -0.09 -2.63 -0.51  0.00
    5 S   16     0.11   0.00  0.00  0.00 -0.00  0.00  0.05  0.06  0.00
    6 S   16    -0.11  -0.00 -0.00 -0.00  0.00 -0.00 -0.05 -0.06 -0.00
    7 S   16     0.11   0.00  0.00  0.00 -0.00  0.00  0.05  0.06  0.00
    8 S   16    -0.11  -0.00 -0.00 -0.00  0.00 -0.00 -0.05 -0.06 -0.00
    9 S   16     0.27   0.00  0.00  0.01  0.01  0.00  0.12  0.12  0.01
   10 C    6     0.02   0.00  0.00 -0.00  0.01  0.01  0.00
   11 H    1     0.01   0.01  0.00  0.00
   12 H    1     0.01   0.01  0.00  0.00
   13 H    1     0.01   0.01  0.00  0.00
   14 S   16    -0.27  -0.00 -0.00 -0.01 -0.01 -0.00 -0.12 -0.12 -0.01
   15 C    6    -0.02  -0.00 -0.00  0.00 -0.01 -0.01 -0.00
   16 H    1    -0.01  -0.01 -0.00 -0.00
   17 H    1    -0.01  -0.01 -0.00 -0.00
   18 H    1    -0.01  -0.01 -0.00 -0.00
   19 S   16     0.27   0.00  0.00  0.01  0.01  0.00  0.12  0.12  0.01
   20 C    6     0.02   0.00  0.00 -0.00  0.01  0.01  0.00
   21 H    1     0.01   0.01  0.00  0.00
   22 H    1     0.01   0.01  0.00  0.00
   23 H    1     0.01   0.01  0.00  0.00
   24 S   16    -0.27  -0.00 -0.00 -0.01 -0.01 -0.00 -0.12 -0.12 -0.01
   25 C    6    -0.02  -0.00 -0.00  0.00 -0.01 -0.01 -0.00
   26 H    1    -0.01  -0.01 -0.00 -0.00
   27 H    1    -0.01  -0.01 -0.00 -0.00
   28 H    1    -0.01  -0.01 -0.00 -0.00

     -------------------------------------------
      Total Density - Lowdin Population Analysis
     -------------------------------------------

    Atom       Charge   Shell Charges
 -----------   ------   -------------------------------------------------------
    1 Fe  26    26.16   2.00  2.00  1.93  0.42  0.18  5.99  5.88  1.15  4.58  2.03  0.00
