========== BS1 ==========
    1 Fe  26     3.50   0.00 -0.00  0.00  0.10  0.03 -0.00  0.01  0.17  2.68  0.52 -0.00
    2 Fe  26     3.50   0.00 -0.00  0.00  0.10  0.03 -0.00  0.01  0.17  2.68  0.52 -0.00
    3 Fe  26    -3.50  -0.00  0.00 -0.00 -0.10 -0.03  0.00 -0.01 -0.17 -2.68 -0.52  0.00
    4 Fe  26    -3.50  -0.00  0.00 -0.00 -0.10 -0.03  0.00 -0.01 -0.17 -2.68 -0.52  0.00
========== BS2 ==========
    1 Fe  26     3.50   0.00 -0.00  0.00  0.10  0.03 -0.00  0.01  0.17  2.68  0.52 -0.00
    2 Fe  26    -3.50  -0.00  0.00 -0.00 -0.10 -0.03  0.00 -0.01 -0.17 -2.68 -0.52  0.00
    3 Fe  26     3.50   0.00 -0.00  0.00  0.10  0.03 -0.00  0.01  0.17  2.68  0.52 -0.00
    4 Fe  26    -3.50  -0.00  0.00 -0.00 -0.10 -0.03  0.00 -0.01 -0.17 -2.68 -0.52  0.00
========== BS3 ==========
    1 Fe  26     3.50   0.00 -0.00  0.00  0.10  0.03 -0.00  0.01  0.17  2.68  0.52 -0.00
    2 Fe  26    -3.50  -0.00  0.00 -0.00 -0.10 -0.03  0.00 -0.01 -0.17 -2.68 -0.52  0.00
    3 Fe  26    -3.50  -0.00  0.00 -0.00 -0.10 -0.03  0.00 -0.01 -0.17 -2.68 -0.52  0.00
    4 Fe  26     3.50   0.00 -0.00  0.00  0.10  0.03 -0.00  0.01  0.17  2.68  0.52 -0.00
