      Spin Density - Mulliken Population Analysis
     --------------------------------------------

    Atom       Charge   Shell Charges
 -----------   ------   -------------------------------------------------------
    1 Fe  26     3.09   0.00 -0.00  0.00  0.07 -0.02 -0.00  0.01  0.13  2.42  0.47 -0.00
    2 Fe  26     3.09   0.00 -0.00  0.00  0.07 -0.02 -0.00  0.01  0.13  2.42  0.47 -0.00
    3 Fe  26    -3.09  -0.00  0.00 -0.00 -0.07  0.02  0.00 -0.01 -0.13 -2.42 -0.47  0.00
    4 Fe  26    -3.09  -0.00  0.00 -0.00 -0.07  0.02  0.00 -0.01 -0.13 -2.42 -0.47  0.00
    5 S   16    -0.00  -0.00 -0.00 -0.00  0.00 -0.00 -0.01  0.01  0.00
    6 S   16     0.00   0.00  0.00  0.00 -0.00  0.00  0.01 -0.01 -0.00
    7 S   16     0.00   0.00  0.00  0.00 -0.00  0.00  0.01 -0.01 -0.00
    8 S   16    -0.00  -0.00 -0.00 -0.00  0.00 -0.00 -0.01  0.01  0.00
    9 S   16     0.13   0.00  0.00  0.00 -0.00  0.00  0.06  0.06  0.00
   10 C    6     0.00   0.00  0.00 -0.00  0.00  0.00  0.00
   11 H    1     0.00   0.00  0.00  0.00
   12 H    1     0.01   0.00  0.00 -0.00
   13 H    1     0.01   0.00  0.00 -0.00
   14 S   16     0.13   0.00  0.00  0.00 -0.00  0.00  0.06  0.06  0.00
   15 C    6     0.00   0.00  0.00 -0.00  0.00  0.00  0.00
   16 H    1     0.01   0.00  0.00 -0.00
   17 H    1     0.00   0.00  0.00  0.00
   18 H    1     0.01   0.00  0.00 -0.00
   19 S   16    -0.13  -0.00 -0.00 -0.00  0.00 -0.00 -0.06 -0.06 -0.00
   20 C    6    -0.00  -0.00 -0.00  0.00 -0.00 -0.00 -0.00
   21 H    1    -0.01  -0.00 -0.00  0.00
   22 H    1    -0.00  -0.00 -0.00 -0.00
   23 H    1    -0.01  -0.00 -0.00  0.00
   24 S   16    -0.13  -0.00 -0.00 -0.00  0.00 -0.00 -0.06 -0.06 -0.00
   25 C    6    -0.00  -0.00 -0.00  0.00 -0.00 -0.00 -0.00
   26 H    1    -0.00  -0.00 -0.00 -0.00
   27 H    1    -0.01  -0.00 -0.00  0.00
   28 H    1    -0.01  -0.00 -0.00  0.00

     -------------------------------------------
      Total Density - Lowdin Population Analysis
     -------------------------------------------

    Atom       Charge   Shell Charges
 -----------   ------   -------------------------------------------------------
    1 Fe  26    26.22   2.00  2.00  1.93  0.43  0.18  5.99  5.88  1.18  4.56  2.07  0.00
